# This file uses centimeters as units for non-parametric coordinates.

mtllib MikeyPingPong.mtl
g default
v 0.136926 -1.569291 2.924584
v 0.136926 6.001361 2.663677
v 0.136926 6.001361 -2.663677
v 0.136926 -1.569291 -2.924584
v 0.136926 4.726871 3.890243
v 0.136926 4.726871 -3.890243
v 0.136926 7.053320 0.000000
v 0.136926 4.726871 0.000000
v 0.136926 -2.365945 0.000000
v 0.136926 6.476835 2.161274
v 0.136926 4.726871 2.161274
v 0.136926 -2.017983 1.547725
v 0.136926 6.476835 -2.161274
v 0.136926 4.726871 -2.161274
v 0.136926 -2.017983 -1.547725
v 0.136926 1.153113 4.129000
v 0.136926 1.153113 2.161274
v 0.136926 1.153113 0.000000
v 0.136926 1.153113 -2.161274
v 0.136926 1.153113 -4.129000
v 0.136926 2.739483 -4.206277
v 0.136926 2.739483 -2.161274
v 0.136926 2.739483 0.000000
v 0.136926 2.739483 2.161274
v 0.136926 2.739482 4.206277
v 0.136926 -0.304240 3.910385
v 0.136926 -0.304240 2.161274
v 0.136926 -0.304240 0.000000
v 0.136926 -0.304240 -2.161274
v 0.136926 -0.304240 -3.910385
v 0.136926 5.485583 -3.271710
v 0.136926 5.485584 3.271710
v 0.136926 -1.760374 3.064193
v 0.136926 -0.418497 4.108912
v 0.136926 6.218399 2.798909
v 0.136926 6.718013 2.271000
v 0.136926 6.218399 -2.798909
v 0.136926 5.676436 -3.437811
v 0.136926 -1.760374 -3.064193
v 0.136926 -2.219245 -1.657451
v 0.136926 4.868037 4.087747
v 0.136926 5.676436 3.437811
v 0.136926 4.868037 -4.087747
v 0.136926 2.779752 -4.419825
v 0.136926 7.323765 0.000000
v 0.136926 6.718013 -2.271000
v 0.136926 -2.567207 0.000000
v 0.136926 -2.219245 1.657451
v 0.136926 1.112844 4.338625
v 0.136926 2.779751 4.419825
v 0.136926 1.112844 -4.338625
v 0.136926 -0.418497 -4.108912
v -0.162928 -1.569291 2.924584
v -0.162928 6.001361 2.663677
v -0.162928 6.001361 -2.663677
v -0.162928 -1.569291 -2.924584
v -0.162928 4.726871 3.890243
v -0.162928 4.726871 -3.890243
v -0.162928 7.053320 0.000000
v -0.162928 4.726871 0.000000
v -0.162928 -2.365945 0.000000
v -0.162928 6.476835 2.161274
v -0.162928 4.726871 2.161274
v -0.162928 -2.017983 1.547725
v -0.162928 6.476835 -2.161274
v -0.162928 4.726871 -2.161274
v -0.162928 -2.017983 -1.547725
v -0.162928 1.153113 4.129000
v -0.162928 1.153113 2.161274
v -0.162928 1.153113 0.000000
v -0.162928 1.153113 -2.161274
v -0.162928 1.153113 -4.129000
v -0.162928 2.739483 -4.206277
v -0.162928 2.739483 -2.161274
v -0.162928 2.739483 0.000000
v -0.162928 2.739483 2.161274
v -0.162928 2.739482 4.206277
v -0.162928 -0.304240 3.910385
v -0.162928 -0.304240 2.161274
v -0.162928 -0.304240 0.000000
v -0.162928 -0.304240 -2.161274
v -0.162928 -0.304240 -3.910385
v -0.162928 5.485583 -3.271710
v -0.162928 5.485584 3.271710
v -0.162928 -1.760374 3.064193
v -0.162928 -0.418497 4.108912
v -0.162928 6.218399 2.798909
v -0.162928 6.718013 2.271000
v -0.162928 6.218399 -2.798909
v -0.162928 5.676436 -3.437811
v -0.162928 -1.760374 -3.064193
v -0.162928 -2.219245 -1.657451
v -0.162928 4.868037 4.087747
v -0.162928 5.676436 3.437811
v -0.162928 4.868037 -4.087747
v -0.162928 2.779752 -4.419825
v -0.162928 7.323765 0.000000
v -0.162928 6.718013 -2.271000
v -0.162928 -2.567207 0.000000
v -0.162928 -2.219245 1.657451
v -0.162928 1.112844 4.338625
v -0.162928 2.779751 4.419825
v -0.162928 1.112844 -4.338625
v -0.162928 -0.418497 -4.108912
v 0.136926 6.689323 -1.364644
v 0.136926 4.726871 -1.364644
v 0.136926 2.739483 -1.364644
v 0.136926 1.153113 -1.364644
v 0.136926 -0.304240 -1.364644
v 0.136926 -2.381768 -1.047781
v 0.136926 -2.583031 -1.117062
v -0.162928 -2.583031 -1.117062
v -0.162928 -2.381768 -1.047781
v -0.162928 -0.304240 -1.364644
v -0.162928 1.153113 -1.364644
v -0.162928 2.739483 -1.364644
v -0.162928 4.726871 -1.364644
v -0.162928 6.689323 -1.364644
v -0.162928 6.941288 -1.433925
v 0.136926 6.941288 -1.433925
v 0.136926 6.689323 1.364644
v 0.136926 4.726871 1.364644
v 0.136926 2.739483 1.364644
v 0.136926 1.153113 1.364644
v 0.136926 -0.304240 1.364644
v 0.136926 -2.381768 1.047781
v 0.136926 -2.583031 1.117062
v -0.162928 -2.583031 1.117062
v -0.162928 -2.381768 1.047781
v -0.162928 -0.304240 1.364644
v -0.162928 1.153113 1.364644
v -0.162928 2.739483 1.364644
v -0.162928 4.726871 1.364644
v -0.162928 6.689323 1.364644
v -0.162928 6.941289 1.433925
v 0.136926 6.941289 1.433925
v 0.136926 -3.057701 0.000000
v 0.136926 -3.057701 0.820376
v -0.162928 -3.057701 0.820376
v -0.162928 -3.057701 0.000000
v 0.136926 -3.057701 -0.820376
v -0.162928 -3.057701 -0.820376
v 0.056043 7.323765 0.000000
v 0.056042 6.941288 -1.433925
v 0.056043 6.718013 -2.271000
v 0.056043 6.218399 -2.798909
v 0.056043 5.676436 -3.437811
v 0.056043 4.868037 -4.087747
v 0.056043 2.779752 -4.419826
v 0.056043 1.112844 -4.338625
v 0.056043 -0.418497 -4.108912
v 0.056043 -1.760374 -3.064193
v 0.056043 -2.219245 -1.657451
v 0.056043 -2.583031 -1.117062
v 0.056043 -3.057701 -0.820376
v 0.056042 -3.057701 0.820376
v 0.056042 -2.583031 1.117062
v 0.056043 -2.219245 1.657451
v 0.056043 -1.760374 3.064193
v 0.056043 -0.418497 4.108912
v 0.056043 1.112844 4.338625
v 0.056043 2.779752 4.419826
v 0.056043 4.868037 4.087747
v 0.056043 5.676437 3.437811
v 0.056043 6.218399 2.798909
v 0.056043 6.718013 2.271000
v 0.056042 6.941289 1.433925
v -0.129948 6.941288 -1.433925
v -0.129948 7.323765 0.000000
v -0.129948 6.941289 1.433925
v -0.129948 6.718013 2.271000
v -0.129948 6.218399 2.798909
v -0.129948 5.676436 3.437811
v -0.129948 4.868037 4.087747
v -0.129948 2.779752 4.419825
v -0.129948 1.112844 4.338625
v -0.129948 -0.418497 4.108912
v -0.129948 -1.760374 3.064193
v -0.129948 -2.219245 1.657451
v -0.129948 -2.583031 1.117062
v -0.129948 -3.057701 0.820376
v -0.129948 -3.057701 -0.820376
v -0.129948 -2.583031 -1.117062
v -0.129948 -2.219245 -1.657451
v -0.129948 -1.760374 -3.064193
v -0.129948 -0.418497 -4.108912
v -0.129948 1.112844 -4.338625
v -0.129948 2.779752 -4.419825
v -0.129948 4.868037 -4.087747
v -0.129948 5.676436 -3.437811
v -0.129948 6.218399 -2.798909
v -0.129948 6.718013 -2.271000
v 0.056043 -6.197886 0.000000
v 0.056042 -6.197886 0.820376
v -0.129948 -6.197886 0.820376
v -0.129948 -6.197886 0.000000
v -0.129948 -6.197886 -0.820376
v 0.056043 -6.197886 -0.820376
v 0.136926 -6.197886 -0.820376
v 0.136926 -6.197886 0.000000
v 0.136926 -6.197886 0.820376
v -0.162928 -6.197886 0.820376
v -0.162928 -6.197886 0.000000
v -0.162928 -6.197886 -0.820376
v 0.136926 5.479927 2.161274
v 0.136926 5.475870 1.364644
v 0.136926 5.468922 0.000000
v 0.136926 5.475870 -1.364644
v 0.136926 5.479927 -2.161274
v 0.136926 3.626321 -4.065252
v 0.136926 3.626321 -2.161274
v 0.136926 3.626321 -1.364644
v 0.136926 3.626321 0.000000
v 0.136926 3.626321 1.364644
v 0.136926 3.626321 2.161274
v 0.136926 3.626321 4.065252
v 0.136926 3.711613 4.271641
v 0.056043 3.711613 4.271641
v -0.129948 3.711614 4.271641
v -0.162928 3.711613 4.271641
v -0.162928 3.626321 4.065252
v -0.162928 3.626321 2.161274
v -0.162928 3.626321 1.364644
v -0.162928 3.626321 0.000000
v -0.162928 3.626321 -1.364644
v -0.162928 3.626321 -2.161274
v -0.162928 3.626321 -4.065252
v -0.162928 3.711614 -4.271641
v -0.129948 3.711613 -4.271641
v 0.056043 3.711614 -4.271641
v 0.136926 3.711614 -4.271641
v 0.136926 -1.028462 3.346030
v 0.136926 -1.285330 1.810027
v 0.136926 -1.493591 1.183245
v 0.136926 -1.484533 0.000000
v 0.136926 -1.493592 -1.183245
v 0.136926 -1.285330 -1.810027
v 0.136926 -1.028462 -3.346030
v 0.136926 -1.186700 -3.510827
v 0.056043 -1.186700 -3.510827
v -0.129948 -1.186700 -3.510827
v -0.162928 -1.186700 -3.510827
v -0.162928 -1.028462 -3.346030
v -0.162928 -1.285330 -1.810027
v -0.162928 -1.493592 -1.183245
v -0.162928 -1.484533 0.000000
v -0.162928 -1.493591 1.183245
v -0.162928 -1.285330 1.810027
v -0.162928 -1.028462 3.346030
v -0.162928 -1.186700 3.510827
v -0.129948 -1.186700 3.510827
v 0.056043 -1.186700 3.510827
v 0.136926 -1.186700 3.510827
v -0.671358 -7.323765 -0.922195
v -0.264777 -1.343616 -0.808762
v -0.264777 -1.343616 0.808762
v -0.671358 -7.323765 0.922195
v -0.314944 -1.343616 0.000000
v -0.800420 -7.323765 0.000000
v -0.506239 -6.255932 -0.808762
v -0.603261 -6.255932 0.000000
v -0.506239 -6.255932 0.808762
v -0.506239 -5.216402 0.808762
v -0.603261 -5.216402 0.000000
v -0.506239 -5.216402 -0.808762
v -0.506239 -4.187480 0.808762
v -0.603261 -4.187480 0.000000
v -0.506239 -4.187480 -0.808762
v -0.432062 -2.798744 0.808762
v -0.603261 -2.798745 0.000000
v -0.432062 -2.798745 -0.808762
v -0.418543 -2.240609 0.808762
v -0.603261 -2.240610 0.000000
v -0.418543 -2.240610 -0.808762
v -0.000000 -7.323765 -1.084199
v -0.000000 -7.323765 0.000000
v -0.000000 -7.323765 1.084199
v -0.000000 -6.255932 0.930548
v -0.000000 -5.216402 0.930548
v -0.000000 -4.187480 0.930548
v -0.000000 -2.798744 0.930548
v -0.000000 -2.240609 0.930548
v -0.000000 -1.343616 0.930548
v -0.000000 -1.343616 0.000000
v -0.000000 -1.343616 -0.930548
v -0.000000 -2.240609 -0.930548
v -0.000000 -2.798744 -0.930548
v -0.000000 -4.187480 -0.930548
v -0.000000 -5.216402 -0.930548
v -0.000000 -6.255932 -0.930548
v -0.000000 -6.617968 -1.054543
v -0.605914 -6.617968 -0.908480
v -0.722277 -6.617968 0.000000
v -0.605914 -6.617968 0.908480
v -0.000000 -6.617968 1.054543
v 0.671358 -7.323765 0.922195
v 0.264776 -1.343616 0.808762
v 0.264776 -1.343616 -0.808762
v 0.671358 -7.323765 -0.922195
v 0.314944 -1.343616 0.000000
v 0.800420 -7.323765 0.000000
v 0.506239 -6.255932 0.808762
v 0.603261 -6.255932 0.000000
v 0.506239 -6.255932 -0.808762
v 0.506239 -5.216402 -0.808762
v 0.603261 -5.216402 0.000000
v 0.506239 -5.216402 0.808762
v 0.506239 -4.187480 -0.808762
v 0.603261 -4.187480 0.000000
v 0.506239 -4.187480 0.808762
v 0.432062 -2.798744 -0.808762
v 0.603261 -2.798745 0.000000
v 0.432062 -2.798745 0.808762
v 0.418543 -2.240609 -0.808762
v 0.603261 -2.240610 0.000000
v 0.418543 -2.240610 0.808762
v 0.605914 -6.617968 0.908480
v 0.722277 -6.617968 0.000000
v 0.605914 -6.617968 -0.908480
v 0.056042 -4.627793 0.820376
v -0.129948 -4.627793 0.820376
v -0.162928 -4.627793 0.820376
v -0.162928 -4.627793 0.000000
v -0.162928 -4.627793 -0.820376
v -0.129948 -4.627793 -0.820376
v 0.056043 -4.627793 -0.820376
v 0.136926 -4.627793 -0.820376
v 0.136926 -4.627793 0.000000
v 0.136926 -4.627793 0.820376
vt 0.268308 0.064451
vt 0.798512 0.657124
vt 0.246867 0.066212
vt 0.194975 0.760962
vt 0.791569 0.755783
vt 0.567515 0.218230
vt 0.307361 0.591665
vt 0.193510 0.654537
vt 0.834133 0.003994
vt 0.337557 0.713006
vt 0.251940 0.760281
vt 0.676983 0.036918
vt 0.195886 0.799614
vt 0.123289 0.734050
vt 0.195506 0.003639
vt 0.440389 0.227643
vt 0.682022 0.410602
vt 0.803326 0.412456
vt 0.123178 0.402852
vt 0.221683 0.230711
vt 0.557898 0.330312
vt 0.671920 0.322078
vt 0.002080 0.489186
vt 0.681260 0.501195
vt 0.430741 0.316653
vt 0.259934 0.153714
vt 0.660383 0.137310
vt 0.779251 0.115691
vt 0.932376 0.139010
vt 0.255240 0.155475
vt 0.196352 0.716415
vt 0.799882 0.701679
vt 0.352929 0.106587
vt 0.353166 0.016932
vt 0.006924 0.720847
vt 0.001826 0.818563
vt 0.410469 0.004920
vt 0.411957 0.043562
vt 0.398143 0.048910
vt 0.622426 0.987198
vt 0.753379 0.968909
vt 0.753696 0.924338
vt 0.767840 0.924260
vt 0.958030 0.921827
vt 0.580672 0.909047
vt 0.581163 0.828094
vt 0.593746 0.830516
vt 0.671452 0.844710
vt 0.691014 0.845431
vt 0.691417 0.900151
vt 0.677497 0.902656
vt 0.009417 0.978350
vt 0.525634 0.814650
vt 0.526117 0.702157
vt 0.357261 0.744093
vt 0.362092 0.623641
vt 0.504757 0.141831
vt 0.504831 0.016787
vt 0.390158 0.136412
vt 0.018603 0.136762
vt 0.756807 0.828633
vt 0.753379 0.740019
vt 0.089127 0.949063
vt 0.783745 0.909193
vt 0.147386 0.006936
vt 0.147462 0.131968
vt 0.018604 0.005373
vt 0.207991 0.829241
vt 0.208481 0.910192
vt 0.195932 0.914379
vt 0.485779 0.923911
vt 0.563591 0.983181
vt 0.565079 0.944541
vt 0.578968 0.947927
vt 0.842260 0.948930
vt 0.026498 0.824135
vt 0.029926 0.735519
vt 0.618312 0.950799
vt 0.598181 0.732799
vt 0.598255 0.821585
vt 0.586444 0.824424
vt 0.218182 0.833883
vt 0.795665 0.759371
vt 0.796027 0.841750
vt 0.784125 0.846473
vt 0.396261 0.824204
vt 0.508553 0.839785
vt 0.508627 0.751000
vt 0.520442 0.749331
vt 0.542715 0.842192
vt 0.213241 0.705459
vt 0.213726 0.817946
vt 0.549544 0.621476
vt 0.544613 0.742987
vt 0.178327 0.881383
vt 0.178688 0.799003
vt 0.190609 0.799544
vt 0.948541 0.816311
vt 0.164441 0.014517
vt 0.164678 0.104170
vt 0.027491 0.005153
vt 0.022702 0.101676
vt 0.683158 0.961361
vt 0.683561 0.906640
vt 0.697111 0.905880
vt 0.047056 0.920604
vt 0.217142 0.924284
vt 0.217460 0.968855
vt 0.203332 0.971039
vt 0.128664 0.003770
vt 0.960328 0.735821
vt 0.620462 0.781417
vt 0.938737 0.416445
vt 0.817923 0.416440
vt 0.869992 0.324502
vt 0.859295 0.412640
vt 0.538316 0.219343
vt 0.249803 0.527954
vt 0.938729 0.527542
vt 0.081536 0.390699
vt 0.423997 0.413433
vt 0.417615 0.324971
vt 0.001826 0.699742
vt 0.811845 0.715097
vt 0.806519 0.670845
vt 0.809996 0.616232
vt 0.249805 0.416847
vt 0.313203 0.221126
vt 0.968179 0.652982
vt 0.962855 0.697235
vt 0.094556 0.231404
vt 0.303585 0.333211
vt 0.128105 0.156155
vt 0.215000 0.332165
vt 0.096113 0.310552
vt 0.523736 0.139188
vt 0.392784 0.156061
vt 0.119707 0.066872
vt 0.068347 0.004300
vt 0.116732 0.197168
vt 0.540328 0.038793
vt 0.401155 0.066799
vt 0.940904 0.807632
vt 0.928192 0.811294
vt 0.927983 0.716229
vt 0.940667 0.717979
vt 0.468288 0.006458
vt 0.482176 0.009844
vt 0.639188 0.946566
vt 0.466800 0.045098
vt 0.716597 0.971504
vt 0.702470 0.973689
vt 0.941268 0.968662
vt 0.716280 0.926934
vt 0.774044 0.916469
vt 0.761495 0.920656
vt 0.654689 0.927427
vt 0.773554 0.835518
vt 0.286769 0.964832
vt 0.273219 0.965592
vt 0.026179 0.920364
vt 0.287172 0.910112
vt 0.659723 0.119299
vt 0.647605 0.125411
vt 0.647098 0.007207
vt 0.659240 0.006806
vt 0.371907 0.580992
vt 0.001839 0.136765
vt 0.372901 0.137443
vt 0.371982 0.706037
vt 0.694175 0.735813
vt 0.270184 0.006173
vt 0.105890 0.949062
vt 0.690749 0.824428
vt 0.804048 0.141462
vt 0.789439 0.143906
vt 0.804121 0.016418
vt 0.953145 0.835720
vt 0.965728 0.838142
vt 0.502541 0.841194
vt 0.952655 0.916670
vt 0.326553 0.973251
vt 0.312740 0.978598
vt 0.825498 0.989561
vt 0.325065 0.934610
vt 0.502983 0.831420
vt 0.490806 0.835410
vt 0.499555 0.742806
vt 0.378029 0.818109
vt 0.366214 0.819777
vt 0.234944 0.740588
vt 0.378103 0.729323
vt 0.565851 0.806872
vt 0.577771 0.807412
vt 0.379499 0.910766
vt 0.565489 0.889251
vt 0.966442 0.828842
vt 0.954630 0.831681
vt 0.559477 0.748899
vt 0.966368 0.740056
vt 0.569768 0.686095
vt 0.581910 0.686495
vt 0.581402 0.804700
vt 0.569285 0.798588
vt 0.344335 0.891121
vt 0.332433 0.895843
vt 0.931779 0.902873
vt 0.343973 0.808743
vt 0.498463 0.108413
vt 0.485779 0.110163
vt 0.485989 0.015095
vt 0.498699 0.018757
vt 0.304253 0.974247
vt 0.290333 0.976752
vt 0.030294 0.978589
vt 0.303850 0.919527
vt 0.598612 0.967971
vt 0.584468 0.968050
vt 0.111902 0.050605
vt 0.598929 0.923400
vt 0.504804 0.062877
vt 0.531400 0.666560
vt 0.435384 0.613504
vt 0.078524 0.489569
vt 0.873983 0.211192
vt 0.888563 0.131040
vt 0.041425 0.792960
vt 0.891918 0.013607
vt 0.241319 0.971405
vt 0.601549 0.987216
vt 0.564193 0.013784
vt 0.488056 0.800246
vt 0.567550 0.131218
vt 0.205268 0.616640
vt 0.205277 0.527937
vt 0.205269 0.416857
vt 0.039392 0.726444
vt 0.371954 0.659945
vt 0.370010 0.087631
vt 0.386668 0.087541
vt 0.147413 0.053022
vt 0.326436 0.668272
vt 0.230401 0.721295
vt 0.726263 0.501008
vt 0.718775 0.209495
vt 0.704199 0.129340
vt 0.768306 0.771193
vt 0.700841 0.011908
vt 0.520454 0.955211
vt 0.537300 0.958356
vt 0.174526 0.206777
vt 0.705675 0.793253
vt 0.171127 0.324191
vt 0.862443 0.616220
vt 0.862463 0.527536
vt 0.862452 0.416443
vt 0.684814 0.735675
vt 0.804075 0.095372
vt 0.001826 0.053795
vt 0.018588 0.053795
vt 0.409864 0.822843
vt 0.212488 0.838056
vt 0.239058 0.812471
vt 0.924499 0.905441
vt 0.480930 0.916570
vt 0.869461 0.912010
vt 0.014081 0.136763
vt 0.382216 0.087576
vt 0.385496 0.136706
vt 0.837739 0.948930
vt 0.837739 0.989561
vt 0.953509 0.921827
vt 0.953509 0.968662
vt 0.042534 0.920604
vt 0.042534 0.978589
vt 0.357045 0.623582
vt 0.357261 0.744093
vt 0.547236 0.842192
vt 0.547236 0.748899
vt 0.391740 0.824204
vt 0.391740 0.910766
vt 0.027726 0.101753
vt 0.027491 0.005153
vt 0.666930 0.844710
vt 0.666930 0.927427
vt 0.613790 0.950799
vt 0.771542 0.037688
vt 0.467411 0.916171
vt 0.118321 0.931670
vt 0.220446 0.838913
vt 0.093649 0.985478
vt 0.093649 0.949062
vt 0.490300 0.923911
vt 0.490300 0.841194
vt 0.007051 0.818676
vt 0.006924 0.720847
vt 0.944020 0.816311
vt 0.944020 0.902873
vt 0.222703 0.833883
vt 0.222703 0.740588
vt 0.549763 0.743056
vt 0.549544 0.621476
vt 0.013939 0.978350
vt 0.013939 0.920364
vt 0.124142 0.003770
vt 0.124142 0.050605
vt 0.626947 0.987198
vt 0.626947 0.946566
vt 0.014084 0.005372
vt 0.014067 0.053795
vt 0.371861 0.087628
vt 0.003683 0.136765
vt 0.003669 0.053795
vt 0.637344 0.946566
vt 0.003687 0.005368
vt 0.113745 0.050605
vt 0.637344 0.987198
vt 0.024336 0.920364
vt 0.113745 0.003770
vt 0.559401 0.621154
vt 0.024336 0.978350
vt 0.233101 0.740588
vt 0.561574 0.743130
vt 0.933622 0.902873
vt 0.233100 0.833883
vt 0.016734 0.720398
vt 0.933622 0.816311
vt 0.500697 0.841194
vt 0.018978 0.818847
vt 0.104045 0.949062
vt 0.500697 0.923911
vt 0.535506 0.958374
vt 0.230185 0.839016
vt 0.736035 0.974384
vt 0.477535 0.916218
vt 0.603393 0.987216
vt 0.656533 0.927427
vt 0.603393 0.950799
vt 0.036962 0.004520
vt 0.656533 0.844710
vt 0.381342 0.910766
vt 0.039252 0.101854
vt 0.557634 0.748899
vt 0.381343 0.824204
vt 0.347739 0.744546
vt 0.557634 0.842192
vt 0.032137 0.978589
vt 0.345492 0.623510
vt 0.943112 0.968662
vt 0.032137 0.920604
vt 0.827342 0.989561
vt 0.943112 0.921827
vt 0.374798 0.137333
vt 0.827342 0.948930
vt 0.725631 0.928532
vt 0.818255 0.845582
vt 0.128719 0.977529
vt 0.671887 0.749755
vt 0.749894 0.832723
vt 0.001826 0.917078
vt 0.803033 0.845636
vt 0.603447 0.874172
vt 0.172945 0.787673
vt 0.130559 0.977529
vt 0.288746 0.739978
vt 0.267023 0.701090
vt 0.434795 0.700339
vt 0.472016 0.633778
vt 0.154501 0.762288
vt 0.525901 0.752355
vt 0.562189 0.280298
vt 0.123198 0.538569
vt 0.078657 0.539062
vt 0.802350 0.550327
vt 0.726495 0.550472
vt 0.541188 0.373609
vt 0.213456 0.755654
vt 0.435750 0.366502
vt 0.545896 0.682873
vt 0.550531 0.683016
vt 0.561248 0.683069
vt 0.581683 0.739242
vt 0.307889 0.283199
vt 0.569553 0.736293
vt 0.817907 0.477964
vt 0.862441 0.477971
vt 0.128985 0.478377
vt 0.205269 0.478380
vt 0.759532 0.266836
vt 0.865699 0.274485
vt 0.659455 0.057005
vt 0.343790 0.696385
vt 0.345678 0.696351
vt 0.356291 0.696395
vt 0.538032 0.755304
vt 0.353030 0.068258
vt 0.264729 0.102613
vt 0.669886 0.079838
vt 0.702276 0.062114
vt 0.825315 0.052473
vt 0.890483 0.063810
vt 0.185816 0.046047
vt 0.164577 0.065842
vt 0.250447 0.104372
vt 0.024011 0.041268
vt 0.028588 0.041443
vt 0.039182 0.041482
vt 0.485898 0.055738
vt 0.397596 0.104963
vt 0.498599 0.057087
vt 0.533256 0.081721
vt 0.565628 0.063989
vt 0.107930 0.245634
vt 0.173043 0.256999
vt 0.058690 0.046754
vt 0.123300 0.105059
vt 0.940803 0.769304
vt 0.020750 0.771839
vt 0.018829 0.771871
vt 0.008135 0.771761
vt 0.365731 0.069607
vt 0.599755 0.482312
vt 0.599651 0.424043
vt 0.117025 0.826562
vt 0.628929 0.482202
vt 0.853195 0.721737
vt 0.286504 0.795950
vt 0.302765 0.796049
vt 0.323923 0.836007
vt 0.396190 0.698146
vt 0.942052 0.361246
vt 0.969313 0.361295
vt 0.966864 0.415792
vt 0.609951 0.946393
vt 0.595855 0.887445
vt 0.639373 0.877040
vt 0.644346 0.928856
vt 0.120264 0.779825
vt 0.674523 0.482192
vt 0.383295 0.757725
vt 0.421262 0.764715
vt 0.366443 0.483884
vt 0.577878 0.931705
vt 0.840681 0.772184
vt 0.856673 0.769142
vt 0.100923 0.861927
vt 0.095800 0.828252
vt 0.527149 0.936799
vt 0.571365 0.910986
vt 0.425141 0.725250
vt 0.390798 0.718902
vt 0.937472 0.305405
vt 0.967840 0.305456
vt 0.366355 0.541384
vt 0.674476 0.539811
vt 0.629084 0.539501
vt 0.600073 0.540014
vt 0.940964 0.221307
vt 0.967907 0.222546
vt 0.366856 0.619080
vt 0.292476 0.845156
vt 0.292198 0.891365
vt 0.292495 0.916461
vt 0.173611 0.960602
vt 0.197966 0.961366
vt 0.053167 0.992321
vt 0.357102 0.751355
vt 0.311130 0.745964
vt 0.286808 0.745901
vt 0.347437 0.803032
vt 0.816961 0.974858
vt 0.061294 0.866943
vt 0.056864 0.828143
vt 0.058651 0.775772
vt 0.551640 0.876613
vt 0.936185 0.078878
vt 0.390818 0.979276
vt 0.419130 0.977850
vt 0.965287 0.078573
vt 0.727346 0.807571
vt 0.715421 0.745629
vt 0.731376 0.750456
vt 0.747826 0.802370
vt 0.406928 0.614702
vt 0.389856 0.569423
vt 0.416720 0.565669
vt 0.428522 0.608799
vt 0.344250 0.962718
vt 0.878260 0.805973
vt 0.373673 0.893365
vt 0.378645 0.945182
vt 0.101823 0.947112
vt 0.297879 0.445233
vt 0.874843 0.744991
vt 0.912849 0.752023
vt 0.588506 0.482018
vt 0.198305 0.941011
vt 0.438332 0.771951
vt 0.454306 0.768679
vt 0.387256 0.959894
vt 0.069071 0.903339
vt 0.147576 0.946103
vt 0.191793 0.920292
vt 0.916668 0.712793
vt 0.882486 0.706329
vt 0.388988 0.507171
vt 0.420218 0.509795
vt 0.588375 0.539509
vt 0.300443 0.494582
vt 0.965885 0.136085
vt 0.936788 0.136390
vt 0.138472 0.997335
vt 0.428491 0.423287
vt 0.588923 0.617266
vt 0.483989 0.930777
vt 0.379908 0.964248
vt 0.937564 0.213995
vt 0.448338 0.819807
vt 0.163803 0.966913
vt 0.643402 0.982147
vt 0.889829 0.914479
vt 0.749662 0.713288
vt 0.355804 0.996221
vt 0.896609 0.966568
vt 0.469651 0.975269
vt 0.383295 0.919612
vt 0.422354 0.916340
vt 0.133781 0.895160
vt 0.172070 0.885917
vt 0.003551 0.771579
vt 0.190229 0.886105
vt 0.365850 0.015183
vt 0.151876 0.067190
vt 0.593222 0.913233
vt 0.151966 0.107832
vt 0.360890 0.696535
vt 0.520365 0.842624
vt 0.538258 0.702558
vt 0.201324 0.758603
vt 0.677464 0.844671
vt 0.201606 0.824056
vt 0.132805 0.052919
vt 0.519362 0.145737
vt 0.132852 0.135873
vt 0.195407 0.831663
vt 0.765557 0.736028
vt 0.519411 0.062774
vt 0.577404 0.988528
vt 0.519440 0.014343
vt 0.202999 0.924205
vt 0.009417 0.920364
vt 0.396579 0.008306
vt 0.128664 0.050605
vt 0.697078 0.963866
vt 0.958030 0.968662
vt 0.537751 0.820762
vt 0.047056 0.978589
vt 0.151757 0.012767
vt 0.396261 0.910766
vt 0.586366 0.731131
vt 0.948541 0.902873
vt 0.201101 0.705861
vt 0.218182 0.740588
vt 0.783745 0.759911
vt 0.542715 0.748899
vt 0.038676 0.828126
vt 0.671452 0.927427
vt 0.767506 0.971093
vt 0.842260 0.989561
vt 0.365642 0.110250
vt 0.485779 0.841194
vt 0.132778 0.004493
vt 0.622426 0.946566
vt 0.928103 0.770652
vt 0.931779 0.816311
vt 0.018491 0.720316
vt 0.041071 0.041439
vt 0.654689 0.844710
vt 0.038645 0.004410
vt 0.647325 0.059954
vt 0.559477 0.842192
vt 0.346052 0.744624
vt 0.563149 0.683047
vt 0.026179 0.978350
vt 0.561146 0.621095
vt 0.789467 0.095475
vt 0.789516 0.012513
vt 0.386513 0.577087
vt 0.702924 0.828418
vt 0.502541 0.923911
vt 0.386562 0.660049
vt 0.386589 0.708478
vt 0.825498 0.948930
vt 0.273252 0.907607
vt 0.111902 0.003770
vt 0.584802 0.921215
vt 0.639188 0.987198
vt 0.702136 0.926856
vt 0.030294 0.920604
vt 0.290300 0.918767
vt 0.343440 0.623517
vt 0.577392 0.893974
vt 0.041308 0.101863
vt 0.332053 0.809283
vt 0.234944 0.833883
vt 0.366292 0.726484
vt 0.563675 0.743132
vt 0.954553 0.738387
vt 0.379499 0.824204
vt 0.760970 0.837940
vt 0.601549 0.950799
vt 0.311176 0.937996
vt 0.941268 0.921827
vt 0.965204 0.920857
vt 0.021116 0.818893
vt 0.480613 0.050446
vt 0.001844 0.005367
vt 0.113285 0.929155
vt 0.543087 0.423826
vt 0.386648 0.818119
vt 0.330155 0.903770
vt 0.127084 0.912106
vt 0.922970 0.803204
vt 0.431828 0.916011
vt 0.468254 0.724068
vt 0.425047 0.968100
vt 0.674501 0.935700
vt 0.542887 0.539461
vt 0.542976 0.481931
vt 0.307913 0.843252
vt 0.450585 0.719824
vt 0.098562 0.777743
vt 0.321042 0.425709
vt 0.506655 0.902803
vt 0.431151 0.815713
vt 0.779143 0.915594
vt 0.870268 0.725972
vt 0.772358 0.967683
vt 0.084267 0.945875
vt 0.320790 0.541282
vt 0.320928 0.483795
vt 0.939832 0.414686
vt 0.935574 0.020776
vt 0.964681 0.020474
vt 0.916592 0.691326
vt 0.588616 0.423913
vt 0.122426 0.856312
vt 0.888172 0.685840
vt 0.304167 0.389480
vt 0.159036 0.964061
vt 0.628835 0.423992
vt 0.425095 0.703474
vt 0.366557 0.425799
vt 0.674473 0.423952
vt 0.538610 0.954757
vt 0.602213 0.617669
vt 0.400462 0.419423
vt 0.674610 0.981911
vt 0.163555 0.998120
vt 0.256227 0.581017
vt 0.172633 0.991787
vt 0.354827 0.965035
vt 0.542715 0.617066
vt 0.305878 0.578425
vt 0.084375 0.992086
vt 0.197715 0.992574
vt 0.627314 0.616978
vt 0.320666 0.618880
vt 0.673524 0.617438
vt 0.421955 0.956689
vt 0.260166 0.385109
vt 0.062557 0.924057
vt 0.844477 0.923559
vt 0.852005 0.973736
vt 0.483881 0.976988
vt 0.962687 0.213746
vt 0.254241 0.497165
vt 0.254979 0.442204
vt 0.088798 0.868967
vt 0.323696 0.916084
vt 0.139449 0.966151
vt 0.477178 0.925092
vt 0.471632 0.815127
vt 0.515088 0.977224
vt 0.380160 0.995457
vt 0.850040 0.821398
vt 0.730615 0.706758
vt 0.643302 0.935773
vt 0.515188 0.930850
vt 0.824493 0.924681
vt 0.873981 0.816939
vt 0.323401 0.891723
vt 0.053068 0.945948
vt 0.323676 0.845346
vt 0.630800 0.052649
vt 0.621981 0.004173
vt 0.767444 0.050773
vt 0.758627 0.002297
vt 0.938739 0.477964
vt 0.128982 0.527961
vt 0.001826 0.539362
vt 0.802522 0.501123
vt 0.229840 0.634473
vt 0.512323 0.743186
vt 0.128716 0.931671
vt 0.649310 0.874172
vt 0.909009 0.972719
vt 0.704034 0.832723
vt 0.725631 0.974377
vt 0.262587 0.906975
vt 0.374530 0.005333
vt 0.372704 0.005273
vt 0.384813 0.005664
vt 0.705239 0.733771
vt 0.040989 0.733475
vt 0.389276 0.005808
vt 0.103745 0.772187
vt 0.642605 0.117564
vt 0.657186 0.197718
vt 0.128982 0.416856
vt 0.813508 0.117386
vt 0.003258 0.400461
vt 0.398477 0.680298
vt 0.782711 0.037460
vt 0.476289 0.802012
vt 0.104046 0.985478
vt 0.105890 0.985478
vt 0.525487 0.958591
vt 0.613790 0.987216
vt 0.089127 0.985478
vt 0.618312 0.987216
vt 0.053192 0.794726
vt 0.767871 0.830675
vt 0.235262 0.909247
vt 0.780073 0.769426
vt 0.264127 0.068331
vt 0.488491 0.740765
vt 0.936334 0.970446
vt 0.717442 0.795020
vt 0.156597 0.404351
vt 0.128985 0.616634
vt 0.938738 0.616226
vt 0.727019 0.411522
vt 0.798928 0.197540
vt 0.793830 0.195843
vt 0.582131 0.211373
vt 0.749583 0.404716
vt 0.079555 0.401492
vt 0.128982 0.171495
vt 0.426337 0.231294
vt 0.314287 0.421345
vt 0.001826 0.172196
vt 0.568595 0.418452
vt 0.293493 0.228950
vt 0.674962 0.217466
vt 0.646447 0.632897
vt 0.149227 0.650346
vt 0.574979 0.659577
vt 0.726812 0.611553
vt 0.002191 0.601798
vt 0.802520 0.611190
vt 0.077758 0.623668
vt 0.880877 0.681942
vt 0.079378 0.601084
vt 0.663917 0.211267
vt 0.860371 0.212422
vt 0.964702 0.598371
vt 0.688168 0.617323
vt 0.188046 0.662333
vt 0.441855 0.427757
vt 0.682656 0.611742
vt 0.113799 0.931670
vt 0.721115 0.974389
vt 0.682839 0.749662
vt 0.736036 0.928513
vt 0.721118 0.928497
vt 0.807645 0.845620
vt 0.113799 0.977528
vt 0.118321 0.977529
vt 0.684777 0.749646
vt 0.737890 0.974389
vt 0.130562 0.931670
vt 0.737886 0.928502
vt 0.814870 0.865763
vt 0.047685 0.917078
vt 0.768562 0.004731
vt 0.670341 0.749862
vt 0.768819 0.033639
vt 0.789801 0.847035
vt 0.239058 0.049604
vt 0.127084 0.787673
vt 0.537063 0.988819
vt 0.818863 0.845549
vt 0.784659 0.037440
vt 0.930278 0.908290
vt 0.783081 0.004569
vt 0.784970 0.004541
vt 0.878639 0.905441
vt 0.535236 0.988827
vt 0.905209 0.927016
vt 0.231918 0.839033
vt 0.524682 0.988861
vt 0.772819 0.004759
vt 0.242858 0.003901
vt 0.284919 0.812471
vt 0.266388 0.952678
vt 0.463004 0.916153
vt 0.811070 0.911465
vt 0.823600 0.912010
vt 0.519940 0.988770
vt 0.455725 0.822843
vt 0.807334 0.756179
vt 0.229303 0.921831
vt 0.231051 0.921836
vt 0.239058 0.900243
vt 0.284919 0.900243
vt 0.924499 0.817670
vt 0.878639 0.817670
vt 0.479789 0.830473
vt 0.477981 0.830487
vt 0.467802 0.830525
vt 0.463385 0.830528
vt 0.869461 0.824239
vt 0.823600 0.824239
vt 0.409864 0.910613
vt 0.455725 0.910613
vt 0.215056 0.921953
vt 0.047686 0.829309
vt 0.802724 0.756176
vt 0.219384 0.921883
vt 0.704034 0.920493
vt 0.001826 0.829309
vt 0.667975 0.841511
vt 0.749894 0.920493
vt 0.672699 0.841601
vt 0.683610 0.841726
vt 0.127085 0.875445
vt 0.685547 0.841729
vt 0.649310 0.786395
vt 0.172945 0.875443
vt 0.819805 0.756234
vt 0.603447 0.786396
vt 0.817929 0.756220
vt 0.205509 0.274711
vt 0.198372 0.231771
vt 0.462240 0.046645
vt 0.452503 0.004242
vt 0.922872 0.081534
vt 0.915776 0.038616
vt 0.329361 0.044289
vt 0.319670 0.001880
vt 0.249795 0.478392
vt 0.755970 0.316269
vt 0.414030 0.275530
vt 0.817922 0.527534
vt 0.682083 0.550940
vt 0.545217 0.325067
vt 0.668348 0.272629
vt 0.122452 0.489595
vt 0.493744 0.594908
vt 0.124250 0.600378
vt 0.456916 0.574514
vt 0.758030 0.655844
vt 0.537075 0.433595
vt 0.726809 0.684000
vt 0.814370 0.753683
vt 0.722381 0.708972
vt 0.475189 0.103434
vt 0.045714 0.103534
vt 0.200384 0.412318
vt 0.817914 0.616223
vt 0.519038 0.172090
vt 0.249803 0.616632
vt 0.763975 0.205453
vt 0.036038 0.608093
vt 0.893822 0.664080
vt 0.409614 0.214163
vt 0.542548 0.621837
vt 0.799424 0.618459
vt 0.172838 0.102840
vt 0.342337 0.101077
vt 0.386193 0.169735
vt 0.554177 0.237062
vt 0.678309 0.410527
vt 0.917797 0.219161
vn 1.000000 0.000000 0.000000
vn 1.000000 0.000000 0.000000
vn 1.000000 0.000000 0.000000
vn 1.000000 0.000000 0.000000
vn 1.000000 0.000000 0.000000
vn 1.000000 0.000000 0.000000
vn 1.000000 0.000000 0.000000
vn 1.000000 0.000000 0.000000
vn 1.000000 0.000000 0.000000
vn 1.000000 0.000000 0.000000
vn 1.000000 0.000000 0.000000
vn 1.000000 0.000000 0.000000
vn 1.000000 -0.000000 0.000000
vn 1.000000 -0.000000 0.000000
vn 1.000000 -0.000000 0.000000
vn 1.000000 -0.000000 0.000000
vn 1.000000 -0.000000 0.000000
vn 1.000000 -0.000000 0.000000
vn 1.000000 -0.000000 0.000000
vn 1.000000 -0.000000 0.000000
vn 1.000000 0.000000 0.000000
vn 1.000000 0.000000 0.000000
vn 1.000000 0.000000 0.000000
vn 1.000000 0.000000 0.000000
vn 1.000000 0.000000 0.000000
vn 1.000000 0.000000 0.000000
vn 1.000000 0.000000 0.000000
vn 1.000000 0.000000 0.000000
vn 1.000000 -0.000000 0.000000
vn 1.000000 -0.000000 0.000000
vn 1.000000 -0.000000 0.000000
vn 1.000000 0.000000 0.000000
vn 1.000000 -0.000000 0.000000
vn 1.000000 -0.000000 0.000000
vn 1.000000 -0.000000 0.000000
vn 1.000000 -0.000000 0.000000
vn 1.000000 -0.000000 0.000000
vn 1.000000 0.000000 0.000000
vn 1.000000 0.000000 0.000000
vn 1.000000 0.000000 0.000000
vn 1.000000 0.000000 0.000000
vn 1.000000 0.000000 0.000000
vn 1.000000 0.000000 0.000000
vn 1.000000 -0.000000 0.000000
vn 1.000000 0.000000 0.000000
vn 1.000000 0.000000 0.000000
vn 1.000000 -0.000000 0.000000
vn 1.000000 -0.000000 0.000000
vn 1.000000 -0.000000 0.000000
vn 1.000000 -0.000000 0.000000
vn 1.000000 -0.000000 0.000000
vn 1.000000 -0.000000 0.000000
vn 1.000000 -0.000000 0.000000
vn 1.000000 0.000000 0.000000
vn 1.000000 0.000000 0.000000
vn 1.000000 0.000000 0.000000
vn 1.000000 0.000000 0.000000
vn 1.000000 -0.000000 0.000000
vn 1.000000 -0.000000 0.000000
vn 1.000000 -0.000000 0.000000
vn 1.000000 -0.000000 0.000000
vn 1.000000 0.000000 0.000000
vn 1.000000 0.000000 0.000000
vn 1.000000 0.000000 0.000000
vn 1.000000 0.000000 0.000000
vn 1.000000 0.000000 0.000000
vn 1.000000 0.000000 0.000000
vn 1.000000 0.000000 0.000000
vn 1.000000 0.000000 0.000000
vn 1.000000 -0.000000 0.000000
vn 1.000000 -0.000000 0.000000
vn 1.000000 0.000000 0.000000
vn 1.000000 0.000000 0.000000
vn 1.000000 0.000000 0.000000
vn 1.000000 0.000000 0.000000
vn 1.000000 0.000000 0.000000
vn 1.000000 0.000000 0.000000
vn 1.000000 0.000001 0.000000
vn 1.000000 0.000000 -0.000000
vn 1.000000 0.000000 -0.000000
vn 1.000000 0.000001 0.000000
vn 1.000000 0.000000 0.000000
vn 1.000000 0.000000 0.000000
vn 1.000000 0.000000 0.000000
vn 1.000000 0.000000 0.000000
vn 1.000000 -0.000000 0.000000
vn 1.000000 -0.000000 0.000000
vn 1.000000 -0.000000 0.000000
vn 1.000000 -0.000000 0.000000
vn 1.000000 -0.000000 0.000000
vn 1.000000 -0.000000 0.000000
vn 1.000000 -0.000000 0.000000
vn 1.000000 -0.000000 0.000000
vn 1.000000 0.000000 0.000000
vn 1.000000 0.000000 0.000000
vn 1.000000 0.000000 0.000000
vn 1.000000 0.000000 0.000000
vn 1.000000 0.000000 0.000000
vn 1.000000 0.000000 0.000000
vn 1.000000 0.000000 0.000000
vn 1.000000 0.000000 0.000000
vn 1.000000 -0.000000 0.000000
vn 1.000000 -0.000000 0.000000
vn 1.000000 -0.000000 0.000000
vn 1.000000 -0.000000 0.000000
vn 1.000000 0.000000 0.000000
vn 1.000000 0.000000 0.000000
vn 1.000000 0.000000 0.000000
vn 1.000000 0.000000 0.000000
vn 1.000000 0.000000 -0.000000
vn 1.000000 0.000000 0.000000
vn 1.000000 -0.000000 0.000000
vn 1.000000 0.000000 -0.000000
vn 1.000000 -0.000000 0.000000
vn 1.000000 -0.000000 0.000000
vn 1.000000 -0.000000 0.000000
vn 1.000000 -0.000000 0.000000
vn 1.000000 0.000000 0.000000
vn 1.000000 0.000000 0.000000
vn 1.000000 0.000000 0.000000
vn 1.000000 0.000000 0.000000
vn 1.000000 0.000000 0.000000
vn 1.000000 0.000000 0.000000
vn 1.000000 0.000000 0.000000
vn 1.000000 0.000000 0.000000
vn 1.000000 0.000000 0.000000
vn 1.000000 0.000000 0.000000
vn 1.000000 0.000000 0.000000
vn 1.000000 0.000000 0.000000
vn -1.000000 0.000000 0.000000
vn -1.000000 0.000000 0.000000
vn -1.000000 0.000000 0.000000
vn -1.000000 0.000000 0.000000
vn -1.000000 0.000000 0.000000
vn -1.000000 0.000000 0.000000
vn -1.000000 0.000000 -0.000000
vn -1.000000 0.000000 -0.000000
vn -1.000000 0.000000 -0.000000
vn -1.000000 0.000000 0.000000
vn -1.000000 -0.000000 0.000000
vn -1.000000 0.000000 -0.000000
vn -1.000000 0.000000 -0.000000
vn -1.000000 0.000000 0.000000
vn -1.000000 0.000000 0.000000
vn -1.000000 0.000000 0.000000
vn -1.000000 0.000000 -0.000000
vn -1.000000 0.000000 -0.000000
vn -1.000000 0.000000 0.000000
vn -1.000000 0.000000 0.000000
vn -1.000000 0.000000 0.000000
vn -1.000000 0.000000 0.000000
vn -1.000000 0.000000 0.000000
vn -1.000000 0.000000 -0.000000
vn -1.000000 0.000000 0.000000
vn -1.000000 -0.000000 0.000000
vn -1.000000 0.000000 0.000000
vn -1.000000 0.000000 0.000000
vn -1.000000 0.000000 0.000000
vn -1.000000 0.000000 0.000000
vn -1.000000 -0.000000 0.000000
vn -1.000000 -0.000000 0.000000
vn -1.000000 -0.000000 0.000000
vn -1.000000 -0.000000 0.000000
vn -1.000000 -0.000000 -0.000000
vn -1.000000 -0.000000 -0.000000
vn -1.000000 -0.000000 -0.000000
vn -1.000000 0.000000 -0.000000
vn -1.000000 0.000000 0.000000
vn -1.000000 0.000000 0.000000
vn -1.000000 0.000000 -0.000000
vn -1.000000 0.000000 0.000000
vn -1.000000 0.000000 -0.000000
vn -1.000000 0.000000 0.000000
vn -1.000000 0.000000 0.000000
vn -1.000000 -0.000000 0.000000
vn -1.000000 0.000000 -0.000000
vn -1.000000 0.000000 -0.000000
vn -1.000000 -0.000000 -0.000000
vn -1.000000 -0.000000 0.000000
vn -1.000000 -0.000000 -0.000000
vn -1.000000 -0.000000 0.000000
vn -1.000000 0.000000 0.000000
vn -1.000000 -0.000000 -0.000000
vn -1.000000 -0.000000 -0.000000
vn -1.000000 -0.000000 -0.000000
vn -1.000000 -0.000000 -0.000000
vn -1.000000 -0.000000 -0.000000
vn -1.000000 -0.000000 -0.000000
vn -1.000000 -0.000000 0.000000
vn -1.000000 -0.000000 0.000000
vn -1.000000 -0.000000 0.000000
vn -1.000000 -0.000000 0.000000
vn -1.000000 0.000000 0.000000
vn -1.000000 0.000000 0.000000
vn -1.000000 0.000000 0.000000
vn -1.000000 0.000000 0.000000
vn -1.000000 -0.000000 -0.000000
vn -1.000000 -0.000000 -0.000000
vn -1.000000 -0.000000 -0.000000
vn -1.000000 -0.000000 -0.000000
vn -1.000000 0.000000 0.000000
vn -1.000000 -0.000000 0.000000
vn -1.000000 0.000000 0.000000
vn -1.000000 0.000000 0.000000
vn -1.000000 -0.000000 0.000000
vn -1.000000 -0.000000 0.000000
vn -1.000000 -0.000000 -0.000000
vn -1.000000 -0.000000 -0.000000
vn -1.000000 -0.000001 -0.000000
vn -1.000000 -0.000001 -0.000000
vn -1.000000 -0.000000 0.000000
vn -1.000000 -0.000000 0.000000
vn -1.000000 -0.000000 -0.000000
vn -1.000000 -0.000000 -0.000000
vn -1.000000 -0.000000 -0.000000
vn -1.000000 -0.000000 -0.000000
vn -1.000000 0.000000 0.000000
vn -1.000000 0.000000 0.000000
vn -1.000000 0.000000 0.000000
vn -1.000000 0.000000 0.000000
vn -1.000000 -0.000000 0.000000
vn -1.000000 -0.000000 0.000000
vn -1.000000 -0.000000 0.000000
vn -1.000000 -0.000000 0.000000
vn -1.000000 -0.000000 -0.000000
vn -1.000000 -0.000000 -0.000000
vn -1.000000 -0.000000 -0.000000
vn -1.000000 -0.000000 -0.000000
vn -1.000000 -0.000000 0.000000
vn -1.000000 -0.000000 0.000000
vn -1.000000 -0.000000 0.000000
vn -1.000000 -0.000000 0.000000
vn -1.000000 0.000000 0.000000
vn -1.000000 0.000000 0.000000
vn -1.000000 0.000000 0.000000
vn -1.000000 0.000000 0.000000
vn -1.000000 0.000000 0.000000
vn -1.000000 0.000000 0.000000
vn -1.000000 0.000000 0.000000
vn -1.000000 0.000000 0.000000
vn -1.000000 0.000000 0.000000
vn -1.000000 0.000000 0.000000
vn -1.000000 0.000000 -0.000000
vn -1.000000 0.000000 -0.000000
vn -1.000000 0.000000 0.000000
vn -1.000000 0.000000 0.000000
vn -1.000000 0.000000 0.000000
vn -1.000000 0.000000 0.000000
vn -1.000000 -0.000000 0.000000
vn -1.000000 -0.000000 0.000000
vn -1.000000 0.000000 -0.000000
vn -1.000000 -0.000000 -0.000000
vn -1.000000 -0.000000 0.000000
vn -1.000000 -0.000000 0.000000
vn -1.000000 -0.000000 0.000000
vn -1.000000 -0.000000 0.000000
vn -1.000000 -0.000000 -0.000000
vn -1.000000 -0.000000 -0.000000
vn -1.000000 -0.000000 -0.000000
vn -1.000000 -0.000000 -0.000000
vn 0.000000 -1.000000 0.000000
vn 0.000000 -1.000000 0.000000
vn 0.000000 -1.000000 0.000000
vn 0.000000 -1.000000 0.000000
vn 0.000000 -0.950700 0.310113
vn -0.000000 -0.950700 0.310113
vn -0.000000 -0.950700 0.310113
vn -0.000000 -0.950700 0.310113
vn 0.000000 -0.614320 0.789057
vn 0.000000 -0.614320 0.789057
vn 0.000000 -0.614320 0.789057
vn 0.000000 -0.614320 0.789057
vn 0.000000 -0.148348 0.988935
vn 0.000000 -0.148348 0.988935
vn 0.000000 -0.148348 0.988935
vn 0.000000 -0.148348 0.988935
vn 0.000001 -0.048655 0.998816
vn 0.000001 -0.048655 0.998816
vn -0.000003 -0.048655 0.998816
vn -0.000003 -0.048655 0.998816
vn 0.000000 0.157047 0.987591
vn 0.000000 0.157046 0.987591
vn -0.000001 0.157046 0.987591
vn -0.000003 0.157047 0.987591
vn 0.000000 0.626584 0.779354
vn -0.000000 0.626584 0.779354
vn -0.000002 0.626584 0.779354
vn -0.000002 0.626584 0.779354
vn 0.000000 0.762589 0.646883
vn 0.000000 0.762590 0.646883
vn -0.000002 0.762590 0.646883
vn -0.000002 0.762590 0.646883
vn -0.000000 0.726303 0.687375
vn 0.000000 0.726303 0.687375
vn -0.000001 0.726303 0.687375
vn -0.000001 0.726303 0.687375
vn -0.000000 0.966219 0.257723
vn -0.000000 0.966219 0.257723
vn -0.000000 0.966219 0.257723
vn -0.000000 0.966219 0.257723
vn -0.000000 0.966219 -0.257722
vn -0.000000 0.966219 -0.257723
vn -0.000000 0.966219 -0.257723
vn -0.000000 0.966219 -0.257722
vn 0.000000 0.726303 -0.687375
vn -0.000000 0.726303 -0.687375
vn -0.000001 0.726303 -0.687375
vn -0.000001 0.726303 -0.687375
vn 0.000000 0.762589 -0.646883
vn 0.000000 0.762589 -0.646883
vn 0.000000 0.762589 -0.646883
vn 0.000000 0.762589 -0.646883
vn 0.000000 0.626584 -0.779354
vn 0.000000 0.626584 -0.779354
vn -0.000001 0.626584 -0.779354
vn -0.000001 0.626584 -0.779354
vn -0.000002 0.157046 -0.987591
vn 0.000000 0.157046 -0.987591
vn -0.000000 0.157046 -0.987591
vn -0.000005 0.157046 -0.987591
vn -0.000000 -0.048655 -0.998816
vn 0.000000 -0.048655 -0.998816
vn -0.000001 -0.048655 -0.998816
vn -0.000001 -0.048655 -0.998816
vn 0.000000 -0.148348 -0.988935
vn 0.000000 -0.148348 -0.988935
vn 0.000000 -0.148348 -0.988935
vn 0.000000 -0.148348 -0.988935
vn 0.000000 -0.614320 -0.789057
vn 0.000000 -0.614320 -0.789057
vn 0.000000 -0.614320 -0.789057
vn 0.000000 -0.614320 -0.789057
vn 0.000000 -0.950700 -0.310113
vn 0.000000 -0.950700 -0.310113
vn -0.000000 -0.950700 -0.310113
vn -0.000000 -0.950700 -0.310113
vn -0.000000 -0.829543 -0.558443
vn 0.000000 -0.829543 -0.558442
vn -0.000000 -0.829543 -0.558442
vn -0.000000 -0.829543 -0.558442
vn 1.000000 0.000001 -0.000000
vn 1.000000 0.000001 -0.000000
vn 0.000000 -1.000000 0.000000
vn 0.000000 -1.000000 0.000000
vn 0.000000 -1.000000 0.000000
vn 0.000000 -1.000000 0.000000
vn -1.000000 -0.000001 0.000000
vn -1.000000 -0.000001 0.000000
vn -1.000000 -0.000000 0.000000
vn -1.000000 -0.000000 0.000000
vn -0.000000 0.966219 -0.257724
vn -0.000000 0.966219 -0.257723
vn 1.000000 0.000000 0.000000
vn 1.000000 0.000000 0.000000
vn 1.000000 0.000000 -0.000000
vn 1.000000 0.000000 -0.000000
vn -0.000000 -0.829543 0.558443
vn -0.000000 -0.829543 0.558442
vn -0.000000 -0.829543 0.558443
vn -0.000000 -0.829543 0.558443
vn -1.000000 -0.000000 0.000000
vn -1.000000 -0.000000 0.000000
vn -1.000000 -0.000000 -0.000000
vn -1.000000 -0.000000 -0.000000
vn -0.000000 0.966219 0.257723
vn -0.000000 0.966219 0.257723
vn 1.000000 0.000000 0.000000
vn 1.000000 0.000000 0.000000
vn 1.000000 0.000000 0.000000
vn 1.000000 0.000000 0.000000
vn 1.000000 0.000000 0.000000
vn 1.000000 0.000000 0.000000
vn 0.000000 -0.530021 0.847984
vn 0.000000 -0.530021 0.847984
vn -0.000000 -0.530021 0.847984
vn -0.000000 -0.530021 0.847984
vn -1.000000 0.000000 -0.000000
vn -1.000000 0.000000 -0.000000
vn -1.000000 0.000000 -0.000000
vn -1.000000 0.000000 -0.000000
vn -0.000000 -0.530021 -0.847984
vn -0.000000 -0.530021 -0.847984
vn 0.000000 -0.530021 -0.847984
vn 0.000000 -0.530021 -0.847984
vn 1.000000 0.000000 0.000000
vn 1.000000 0.000000 0.000000
vn 1.000000 0.000000 0.000000
vn 1.000000 0.000000 0.000000
vn -1.000000 0.000000 0.000000
vn -1.000000 0.000000 0.000000
vn -1.000000 0.000000 0.000000
vn -1.000000 0.000000 0.000000
vn 0.000000 0.966219 -0.257724
vn 0.000000 0.966219 -0.257723
vn 0.000000 0.966219 -0.257722
vn 0.000002 0.726303 -0.687374
vn 0.000002 0.726303 -0.687375
vn 0.000000 0.762589 -0.646883
vn 0.000000 0.762589 -0.646883
vn 0.000003 0.626584 -0.779354
vn 0.000003 0.626584 -0.779354
vn 0.000006 0.157046 -0.987591
vn 0.000012 0.157046 -0.987591
vn 0.000004 -0.048655 -0.998816
vn 0.000004 -0.048655 -0.998816
vn 0.000000 -0.148348 -0.988935
vn 0.000000 -0.148348 -0.988935
vn 0.000000 -0.614320 -0.789057
vn 0.000000 -0.614320 -0.789057
vn 0.000001 -0.950700 -0.310113
vn 0.000001 -0.950700 -0.310113
vn 0.000001 -0.829543 -0.558442
vn 0.000001 -0.829543 -0.558442
vn 0.000001 -0.530021 -0.847984
vn 0.000001 -0.530021 -0.847984
vn 0.000000 -1.000000 0.000000
vn 0.000000 -1.000000 0.000000
vn 0.000000 -1.000000 0.000000
vn 0.000000 -1.000000 0.000000
vn 0.000001 -0.530021 0.847984
vn 0.000001 -0.530021 0.847984
vn 0.000001 -0.829543 0.558443
vn 0.000001 -0.829543 0.558443
vn 0.000001 -0.950700 0.310113
vn 0.000001 -0.950700 0.310113
vn 0.000000 -0.614320 0.789057
vn 0.000000 -0.614320 0.789057
vn 0.000000 -0.148348 0.988935
vn 0.000000 -0.148348 0.988935
vn 0.000007 -0.048655 0.998816
vn 0.000007 -0.048655 0.998816
vn 0.000008 0.157047 0.987591
vn 0.000003 0.157046 0.987591
vn 0.000006 0.626584 0.779354
vn 0.000006 0.626584 0.779354
vn 0.000004 0.762589 0.646883
vn 0.000004 0.762589 0.646883
vn 0.000002 0.726303 0.687375
vn 0.000002 0.726303 0.687374
vn 0.000000 0.966219 0.257723
vn 0.000000 0.966219 0.257723
vn 0.000000 0.966219 0.257723
vn 0.000000 0.966219 -0.257723
vn 0.000001 0.966219 -0.257723
vn 0.000000 0.966219 0.257723
vn 0.000001 0.966219 0.257723
vn 0.000000 0.966219 0.257724
vn 0.000000 0.726303 0.687374
vn 0.000000 0.726303 0.687374
vn 0.000000 0.762589 0.646883
vn 0.000000 0.762589 0.646883
vn 0.000000 0.626584 0.779354
vn 0.000000 0.626584 0.779354
vn -0.000001 0.157046 0.987591
vn -0.000003 0.157046 0.987591
vn -0.000009 -0.048655 0.998816
vn -0.000009 -0.048655 0.998816
vn 0.000000 -0.148348 0.988935
vn 0.000000 -0.148348 0.988935
vn 0.000000 -0.614320 0.789057
vn 0.000000 -0.614320 0.789057
vn 0.000000 -0.950700 0.310113
vn 0.000000 -0.950700 0.310113
vn 0.000000 -0.829543 0.558442
vn 0.000000 -0.829543 0.558442
vn 0.000000 -0.530021 0.847984
vn 0.000000 -0.530021 0.847984
vn 0.000000 -1.000000 0.000000
vn 0.000000 -1.000000 0.000000
vn 0.000000 -1.000000 0.000000
vn 0.000000 -1.000000 0.000000
vn 0.000000 -0.530021 -0.847984
vn 0.000000 -0.530021 -0.847984
vn 0.000000 -0.829543 -0.558443
vn 0.000000 -0.829543 -0.558443
vn 0.000000 -0.950700 -0.310113
vn 0.000000 -0.950700 -0.310113
vn 0.000000 -0.614320 -0.789057
vn 0.000000 -0.614320 -0.789057
vn 0.000000 -0.148348 -0.988935
vn 0.000000 -0.148348 -0.988935
vn 0.000000 -0.048655 -0.998816
vn 0.000000 -0.048655 -0.998816
vn 0.000000 0.157046 -0.987591
vn 0.000000 0.157046 -0.987591
vn 0.000000 0.626584 -0.779354
vn 0.000000 0.626584 -0.779354
vn 0.000000 0.762589 -0.646883
vn 0.000000 0.762589 -0.646883
vn 0.000000 0.726303 -0.687374
vn 0.000000 0.726303 -0.687374
vn 0.000000 0.966219 -0.257722
vn -0.000001 0.000000 1.000000
vn -0.000001 0.000000 1.000000
vn -0.000000 -0.000000 1.000000
vn -0.000000 -0.000000 1.000000
vn -0.000001 -0.000000 -1.000000
vn -0.000001 -0.000000 -1.000000
vn -0.000000 -0.000000 -1.000000
vn -0.000000 -0.000000 -1.000000
vn 0.000001 0.000000 -1.000000
vn 0.000001 0.000000 -1.000000
vn 0.000001 0.000000 -1.000000
vn 0.000001 0.000000 -1.000000
vn 1.000000 0.000000 0.000000
vn 1.000000 0.000000 0.000000
vn 1.000000 0.000000 0.000000
vn 1.000000 0.000000 0.000000
vn 1.000000 0.000000 0.000000
vn 1.000000 0.000000 0.000000
vn 1.000000 0.000000 0.000000
vn 1.000000 0.000000 0.000000
vn 0.000001 -0.000000 1.000000
vn 0.000001 -0.000000 1.000000
vn 0.000001 0.000000 1.000000
vn 0.000001 0.000000 1.000000
vn 0.000000 0.000000 1.000000
vn 0.000000 0.000000 1.000000
vn 0.000000 0.000000 1.000000
vn 0.000000 0.000000 1.000000
vn -1.000000 0.000000 -0.000000
vn -1.000000 0.000000 -0.000000
vn -1.000000 -0.000000 -0.000000
vn -1.000000 -0.000000 -0.000000
vn 0.000000 0.000000 -1.000000
vn 0.000000 0.000000 -1.000000
vn 0.000000 0.000000 -1.000000
vn 0.000000 0.000000 -1.000000
vn -1.000000 -0.000000 0.000000
vn -1.000000 -0.000000 0.000000
vn -1.000000 -0.000000 0.000000
vn -1.000000 -0.000000 0.000000
vn 1.000000 -0.000000 0.000000
vn 1.000000 -0.000000 0.000000
vn 1.000000 0.000000 0.000000
vn 1.000000 0.000000 0.000000
vn 1.000000 0.000000 0.000000
vn 1.000000 -0.000000 0.000000
vn 1.000000 -0.000000 0.000000
vn 1.000000 -0.000000 0.000000
vn 1.000000 -0.000000 0.000000
vn 0.000000 0.157046 0.987591
vn 0.000000 0.157046 0.987591
vn 0.000000 0.157046 0.987591
vn 0.000000 0.157046 0.987591
vn -1.000000 0.000000 -0.000000
vn -1.000000 0.000000 -0.000000
vn -1.000000 -0.000000 0.000000
vn -1.000000 -0.000000 0.000000
vn 0.000000 0.157046 -0.987591
vn 0.000000 0.157046 -0.987591
vn 0.000000 0.157046 -0.987591
vn 0.000000 0.157046 -0.987591
vn 1.000000 -0.000000 0.000000
vn 1.000000 -0.000000 0.000000
vn 1.000000 -0.000000 0.000000
vn 1.000000 0.000000 0.000000
vn 1.000000 0.000000 0.000000
vn 1.000000 0.000000 0.000000
vn 1.000000 0.000000 0.000000
vn 1.000000 0.000000 0.000000
vn 1.000000 -0.000000 0.000000
vn 1.000000 0.000000 0.000000
vn 1.000000 0.000000 0.000000
vn 0.000000 -0.614320 -0.789057
vn 0.000000 -0.614320 -0.789057
vn 0.000000 -0.614320 -0.789057
vn 0.000000 -0.614320 -0.789057
vn -1.000000 0.000000 -0.000000
vn -1.000000 0.000000 -0.000000
vn -1.000000 0.000000 0.000000
vn -1.000000 0.000000 0.000000
vn -1.000000 0.000000 0.000000
vn -1.000000 0.000000 -0.000000
vn -1.000000 0.000000 -0.000000
vn -1.000000 0.000000 0.000000
vn -1.000000 0.000000 -0.000000
vn -1.000000 0.000000 0.000000
vn -1.000000 0.000000 0.000000
vn 0.000000 -0.614320 0.789057
vn 0.000000 -0.614320 0.789057
vn 0.000000 -0.614320 0.789057
vn 0.000000 -0.614320 0.789057
vn 1.000000 0.000000 0.000000
vn 1.000000 0.000000 0.000000
vn -0.233897 -0.000000 -0.972261
vn -0.232914 0.094781 -0.967868
vn -0.232813 0.099356 -0.967433
vn -0.233897 -0.000000 -0.972261
vn 0.000000 1.000000 0.000000
vn 0.000000 1.000000 0.000000
vn 0.000000 1.000000 0.000000
vn 0.000000 1.000000 0.000000
vn -0.232914 0.094781 0.967868
vn -0.233897 -0.000000 0.972261
vn -0.233897 -0.000000 0.972261
vn -0.232813 0.099356 0.967433
vn 0.000000 -1.000000 0.000000
vn 0.000000 -1.000000 0.000000
vn 0.000000 -1.000000 0.000000
vn 0.000000 -1.000000 0.000000
vn -0.988357 0.093760 -0.119829
vn -0.996183 0.087293 -0.000000
vn -1.000000 0.000000 0.000000
vn -0.992881 0.000000 -0.119109
vn 0.000000 -1.000000 0.000000
vn 0.000000 -1.000000 0.000000
vn -0.992881 0.000000 0.119109
vn -0.988357 0.093760 0.119829
vn 0.000000 1.000000 0.000000
vn 0.000000 1.000000 0.000000
vn -0.232493 0.126383 -0.964352
vn -0.232713 0.119060 -0.965230
vn -0.978349 0.162342 -0.128369
vn -0.985593 0.169134 -0.000000
vn -0.978349 0.162342 0.128369
vn -0.232713 0.119061 0.965230
vn -0.232493 0.126383 0.964352
vn -0.243573 0.003737 0.969875
vn -0.243429 0.003681 0.969912
vn -0.989345 0.015203 0.144791
vn -0.999882 0.015339 0.000000
vn -0.989345 0.015203 -0.144791
vn -0.243573 0.003737 -0.969875
vn -0.243429 0.003681 -0.969912
vn -0.257720 0.005805 0.966202
vn -0.257500 0.005835 0.966261
vn -0.983688 0.022125 0.178519
vn -0.999747 0.022517 0.000000
vn -0.983688 0.022125 -0.178519
vn -0.257720 0.005805 -0.966202
vn -0.257500 0.005835 -0.966261
vn -0.309773 0.017806 0.950644
vn -0.307922 0.017025 0.951259
vn -0.973558 0.153869 0.168850
vn -0.988337 0.152282 0.000000
vn -0.973558 0.153869 -0.168850
vn -0.309773 0.017806 -0.950644
vn -0.307922 0.017025 -0.951259
vn -0.335622 0.028767 0.941558
vn -0.335622 0.028767 0.941558
vn -0.970954 0.239267 0.000000
vn -0.961444 0.236924 0.139615
vn -0.961444 0.236924 -0.139615
vn -0.335622 0.028767 -0.941558
vn -0.335622 0.028767 -0.941558
vn -0.234274 0.040705 -0.971318
vn -0.234274 0.040705 -0.971318
vn -0.986006 0.101581 -0.132187
vn -0.994735 0.102480 0.000000
vn -0.986006 0.101581 0.132187
vn -0.234274 0.040705 0.971318
vn -0.234274 0.040705 0.971318
vn 0.233897 -0.000000 0.972262
vn 0.232914 0.094781 0.967868
vn 0.232813 0.099356 0.967433
vn 0.233897 -0.000000 0.972262
vn 0.000000 1.000000 0.000000
vn 0.000000 1.000000 0.000000
vn 0.000000 1.000000 0.000000
vn 0.000000 1.000000 0.000000
vn 0.232914 0.094781 -0.967868
vn 0.233897 -0.000000 -0.972262
vn 0.233897 -0.000000 -0.972262
vn 0.232813 0.099356 -0.967433
vn 0.000000 -1.000000 0.000000
vn 0.000000 -1.000000 0.000000
vn 0.000000 -1.000000 0.000000
vn 0.000000 -1.000000 0.000000
vn 0.988357 0.093760 0.119829
vn 0.996183 0.087293 0.000000
vn 1.000000 0.000000 0.000000
vn 0.992881 0.000000 0.119110
vn 0.000000 -1.000000 0.000000
vn 0.000000 -1.000000 0.000000
vn 0.992881 0.000000 -0.119110
vn 0.988357 0.093760 -0.119829
vn 0.000000 1.000000 0.000000
vn 0.000000 1.000000 0.000000
vn 0.232493 0.126383 0.964352
vn 0.232713 0.119061 0.965230
vn 0.978349 0.162342 0.128369
vn 0.985593 0.169134 0.000000
vn 0.978349 0.162342 -0.128369
vn 0.232713 0.119061 -0.965230
vn 0.232493 0.126383 -0.964352
vn 0.243573 0.003737 -0.969875
vn 0.243429 0.003681 -0.969912
vn 0.989345 0.015203 -0.144791
vn 0.999882 0.015339 0.000000
vn 0.989345 0.015203 0.144791
vn 0.243573 0.003737 0.969875
vn 0.243429 0.003681 0.969912
vn 0.257720 0.005805 -0.966202
vn 0.257500 0.005835 -0.966261
vn 0.983688 0.022125 -0.178519
vn 0.999747 0.022517 0.000000
vn 0.983688 0.022125 0.178519
vn 0.257720 0.005805 0.966202
vn 0.257500 0.005835 0.966261
vn 0.309773 0.017806 -0.950644
vn 0.307922 0.017025 -0.951259
vn 0.973558 0.153869 -0.168850
vn 0.988337 0.152282 0.000000
vn 0.973558 0.153869 0.168850
vn 0.309772 0.017806 0.950644
vn 0.307922 0.017025 0.951259
vn 0.335622 0.028767 -0.941558
vn 0.335622 0.028767 -0.941558
vn 0.970954 0.239267 0.000000
vn 0.961444 0.236924 -0.139615
vn 0.961444 0.236924 0.139615
vn 0.335622 0.028767 0.941558
vn 0.335622 0.028767 0.941558
vn 0.234274 0.040705 0.971318
vn 0.234274 0.040705 0.971318
vn 0.986006 0.101581 0.132187
vn 0.994735 0.102480 0.000000
vn 0.986006 0.101581 -0.132187
vn 0.234274 0.040705 -0.971318
vn 0.234274 0.040705 -0.971318
vn -0.000001 0.000000 1.000000
vn -0.000001 0.000000 1.000000
vn 0.000000 0.000000 1.000000
vn 0.000000 0.000000 1.000000
vn -1.000000 0.000000 -0.000000
vn -1.000000 0.000000 -0.000000
vn -1.000000 0.000000 0.000000
vn -1.000000 0.000000 0.000000
vn 0.000000 0.000000 -1.000000
vn 0.000000 0.000000 -1.000000
vn -0.000001 0.000000 -1.000000
vn -0.000001 0.000000 -1.000000
vn 0.000002 -0.000000 -1.000000
vn 0.000002 -0.000000 -1.000000
vn 1.000000 -0.000000 0.000000
vn 1.000000 -0.000000 0.000000
vn 1.000000 -0.000000 0.000000
vn 1.000000 -0.000000 0.000000
vn 0.000002 -0.000000 1.000000
vn 0.000002 -0.000000 1.000000
s 1
g pCube7
usemtl initialShadingGroup
f 121/242/1 206/366/2 207/703/3 7/7/4
f 21/21/5 22/22/6 19/884/7 20/753/8
f 23/702/9 123/244/10 124/743/11 18/18/12
f 13/13/13 209/369/14 31/31/15 3/4/16
f 32/32/17 205/863/18 10/879/19 2/2/20
f 16/16/21 17/883/22 24/857/23 25/25/24
f 105/222/25 208/368/26 209/860/14 13/878/13
f 22/859/6 107/224/27 108/748/28 19/19/7
f 26/26/29 27/881/30 17/882/22 16/754/21
f 18/745/12 124/245/11 125/246/31 28/28/32
f 19/885/7 108/225/28 109/226/33 29/29/34
f 20/20/8 19/749/7 29/880/34 30/30/35
f 210/371/36 211/858/37 22/22/6 21/21/5
f 211/372/37 212/373/38 107/224/27 22/859/6
f 213/374/39 214/375/40 123/244/10 23/702/9
f 25/25/24 24/857/23 215/376/41 216/378/42
f 232/397/43 233/850/44 27/881/30 26/26/29
f 28/28/32 125/246/31 234/399/45 235/697/46
f 29/29/34 109/226/33 236/401/47 237/848/48
f 30/30/35 29/880/34 237/402/48 238/404/49
s 7
f 253/421/50 232/396/51 26/34/52 34/532/53
s off
f 2/37/54 10/38/55 36/39/56 35/552/57
f 3/41/58 31/42/59 38/43/60 37/568/61
f 4/45/62 15/46/63 40/47/64 39/534/65
f 5/49/66 32/50/67 42/51/68 41/540/69
s 8
f 231/395/70 210/370/71 21/54/72 44/538/73
s 9
f 120/547/74 105/221/75 13/58/76 46/549/77
s 10
f 9/61/78 126/247/79 127/735/80 47/733/81
s 11
f 136/542/82 121/241/83 7/66/84 45/544/85
s off
f 12/68/86 1/69/87 33/70/88 48/545/89
f 13/72/90 3/73/91 37/74/92 46/548/93
s 12
f 15/76/94 110/227/95 111/732/96 40/566/97
s off
f 16/79/98 25/80/99 50/81/100 49/560/101
f 20/83/102 30/84/103 52/85/104 51/564/105
f 21/87/106 20/88/107 51/89/108 44/537/109
s 13
f 25/91/110 216/377/111 217/539/112 50/562/113
s off
f 26/95/114 16/96/115 49/97/116 34/531/117
s 14
f 30/99/118 238/403/119 239/533/120 52/558/121
s off
f 31/103/122 6/104/123 43/105/124 38/554/125
f 32/107/126 2/108/127 35/109/128 42/550/129
s 15
f 133/756/130 134/257/131 59/112/132 60/758/133
f 73/115/134 72/116/135 71/747/136 74/853/137
f 75/119/138 70/742/139 131/254/140 132/255/141
f 65/866/142 55/124/143 83/125/144 58/126/145 66/763/146
f 57/767/147 84/129/148 54/130/149 62/111/150 63/876/151
f 68/751/152 77/132/153 76/122/154 69/121/155
f 117/762/156 118/237/157 65/123/142 66/875/146
f 74/118/137 71/873/136 115/234/158 116/235/159
f 78/133/160 68/131/152 69/752/155 79/869/161
f 70/120/139 80/135/162 130/253/163 131/740/140
f 71/117/136 81/136/164 114/233/165 115/746/158
f 72/750/135 82/137/166 81/868/164 71/872/136
f 226/389/167 227/390/168 73/115/134 74/853/137
f 116/235/159 225/388/169 226/852/167 74/118/137
f 132/255/141 223/386/170 224/699/171 75/119/138
f 77/132/153 221/383/172 222/854/173 76/122/154
f 248/415/174 249/416/175 78/133/160 79/869/161
f 80/135/162 246/413/176 247/414/177 130/253/163
f 81/136/164 244/411/178 245/412/179 114/233/165
f 82/137/166 243/409/180 244/846/178 81/868/164
s 20
f 249/417/181 250/574/182 86/145/183 78/146/184
s off
f 54/147/185 87/148/186 88/616/187 62/150/188
f 55/151/189 89/152/190 90/598/191 83/154/192
f 56/155/193 91/156/194 92/610/195 67/158/196
f 57/159/197 93/160/198 94/594/199 84/162/200
s 21
f 227/391/201 228/580/202 96/165/203 73/166/204
s 22
f 118/238/205 119/591/206 98/592/207 65/170/208
s 23
f 61/171/209 99/714/210 128/739/211 129/252/212
s 24
f 134/258/213 135/586/214 97/587/215 59/177/216
s off
f 64/178/217 100/179/218 85/614/219 53/181/220
f 65/182/221 98/183/222 89/612/223 55/185/224
s 25
f 67/186/225 92/187/226 112/725/227 113/232/228
s off
f 68/189/229 101/190/230 102/606/231 77/192/232
f 72/193/233 103/194/234 104/602/235 82/196/236
f 73/197/237 96/198/238 103/608/239 72/200/240
s 26
f 77/201/241 102/202/242 220/382/243 221/384/244
s off
f 78/205/245 86/206/246 101/604/247 68/208/248
s 27
f 82/209/249 104/210/250 242/408/251 243/410/252
s off
f 83/213/253 90/214/254 95/600/255 58/216/256
f 84/217/257 94/218/258 87/596/259 54/220/260
s 28
f 193/709/261 194/355/262 195/775/263 196/334/264
s 29
f 158/293/265 159/294/266 178/328/267 179/331/268
s 30
f 251/419/269 252/420/270 160/296/271 177/326/272
s 31
f 160/297/273 161/298/274 176/324/275 177/327/276
s 32
f 161/299/277 162/300/278 175/322/279 176/325/280
s 33
f 162/301/281 218/380/282 219/381/283 175/323/284
s 34
f 163/303/285 164/304/286 173/318/287 174/321/288
s 35
f 164/305/289 165/306/290 172/316/291 173/319/292
s 36
f 165/307/293 166/308/294 171/314/295 172/317/296
s 37
f 169/312/297 170/313/298 167/310/299 143/267/300
s 38
f 192/353/301 168/311/302 144/268/303 145/269/304
s 39
f 145/270/305 146/271/306 191/351/307 192/354/308
s 40
f 146/272/309 147/273/310 190/349/311 191/352/312
s 41
f 147/274/313 148/275/314 189/347/315 190/350/316
s 42
f 229/393/317 230/394/318 149/277/319 188/345/320
s 43
f 149/278/321 150/279/322 187/343/323 188/346/324
s 44
f 150/280/325 151/281/326 186/341/327 187/344/328
s 45
f 151/282/329 240/406/330 241/407/331 186/342/332
s 46
f 152/284/333 153/285/334 184/337/335 185/340/336
s 47
f 153/286/337 154/729/338 183/336/339 184/338/340
s 1
f 7/704/4 207/367/3 208/368/26 105/222/25
f 212/373/38 213/701/39 23/23/9 107/224/27
f 108/748/28 107/224/27 23/23/9 18/722/12
f 109/226/33 108/225/28 18/744/12 28/721/32
f 235/400/46 236/401/47 109/226/33 28/721/32
s 12
f 111/732/96 110/227/95 9/77/341 47/715/342
s 48
f 196/705/343 197/357/344 198/779/345 193/289/346
s 25
f 113/232/228 112/725/227 99/737/347 61/188/348
s 15
f 114/233/165 245/412/179 246/695/176 80/718/162
f 115/746/158 114/233/165 80/718/162 70/719/139
f 116/235/159 115/234/158 70/741/139 75/700/138
f 224/387/171 225/388/169 116/235/159 75/700/138
f 59/717/132 118/237/157 117/762/156 60/757/133
s 22
f 59/167/349 97/588/350 119/591/206 118/238/205
s 38
f 143/713/351 144/268/303 168/311/302 169/711/352
s 9
f 7/57/353 105/221/75 120/547/74 45/543/354
s 1
f 10/10/19 205/365/18 206/366/2 121/242/1
f 214/375/40 215/856/41 24/24/23 123/244/10
f 124/743/11 123/244/10 24/24/23 17/17/22
f 125/246/31 124/245/11 17/755/22 27/27/30
f 233/398/44 234/399/45 125/246/31 27/27/30
s 10
f 127/735/80 126/247/79 12/62/355 48/546/356
s 49
f 179/330/357 180/726/358 157/291/359 158/292/360
s 23
f 129/252/212 128/739/211 100/589/361 64/174/362
s 15
f 130/253/163 247/414/177 248/844/174 79/134/161
f 131/740/140 130/253/163 79/134/161 69/870/155
f 132/255/141 131/254/140 69/871/155 76/855/154
f 222/385/173 223/386/170 132/255/141 76/855/154
f 62/867/150 134/257/131 133/756/130 63/768/151
s 24
f 62/175/363 88/176/364 135/586/214 134/258/213
s 37
f 166/309/365 167/310/299 170/313/298 171/315/366
s 11
f 10/65/367 121/241/83 136/542/82 36/572/368
s off
f 47/64/369 127/789/370 138/784/371 137/808/372
s 50
f 156/802/373 157/728/374 180/332/375 181/799/376
s off
f 128/795/377 99/738/378 140/707/379 139/800/380
s 51
f 182/796/381 183/724/382 154/287/383 155/803/384
s off
f 111/229/385 47/734/386 137/710/387 141/806/388
f 99/172/389 112/736/390 142/790/391 140/804/392
s 38
f 45/716/393 120/240/394 144/268/303 143/713/351
f 145/269/304 144/268/303 120/240/394 46/59/395
s 39
f 46/75/396 37/569/397 146/271/306 145/270/305
s 40
f 37/44/398 38/555/399 147/273/310 146/272/309
s 41
f 38/106/400 43/557/401 148/275/314 147/274/313
s 42
f 230/394/318 231/536/402 44/55/403 149/277/319
s 43
f 44/90/404 51/565/405 150/279/322 149/278/321
s 44
f 51/86/406 52/559/407 151/281/326 150/280/325
s 45
f 52/102/408 239/405/409 240/406/330 151/282/329
s 46
f 39/48/410 40/567/411 153/285/334 152/284/333
s 47
f 40/78/412 111/731/413 154/729/338 153/286/337
s 51
f 155/803/384 154/287/383 111/788/414 141/786/415
s 48
f 193/289/346 198/779/345 199/778/416 200/772/417
s 28
f 200/773/418 201/776/419 194/355/262 193/709/261
s 50
f 127/249/420 157/728/374 156/802/373 138/810/421
s 49
f 158/292/360 157/291/359 127/730/422 48/63/423
s 29
f 48/71/424 33/571/425 159/294/266 158/293/265
s 30
f 252/420/270 253/530/426 34/35/427 160/296/271
s 31
f 34/98/428 49/561/429 161/298/274 160/297/273
s 32
f 49/82/430 50/563/431 162/300/278 161/299/277
s 33
f 50/94/432 217/379/433 218/380/282 162/301/281
s 34
f 41/52/434 42/551/435 164/304/286 163/303/285
s 35
f 42/110/436 35/553/437 165/306/290 164/305/289
s 36
f 35/40/438 36/573/439 166/308/294 165/307/293
s 37
f 36/67/440 136/260/441 167/310/299 166/309/365
f 143/267/300 167/310/299 136/260/441 45/60/442
s 38
f 169/711/352 168/311/302 119/239/443 97/712/444
s 37
f 135/259/445 170/313/298 169/312/297 97/168/446
f 171/315/366 170/313/298 135/259/445 88/617/447
s 36
f 172/317/296 171/314/295 88/149/448 87/597/449
s 35
f 173/319/292 172/316/291 87/219/450 94/595/451
s 34
f 174/321/288 173/318/287 94/161/452 93/584/453
s 33
f 175/323/284 219/381/283 220/583/454 102/607/455
s 32
f 176/325/280 175/322/279 102/191/456 101/605/457
s 31
f 177/327/276 176/324/275 101/207/458 86/575/459
s 30
f 250/418/460 251/419/269 177/326/272 86/576/461
s 29
f 179/331/268 178/328/267 85/180/462 100/590/463
s 49
f 128/727/464 180/726/358 179/330/357 100/173/465
s 50
f 181/799/376 180/332/375 128/250/466 139/792/467
s 28
f 196/334/264 195/775/263 202/783/468 203/781/469
s 48
f 204/364/470 197/357/344 196/705/343 203/782/471
s 51
f 112/794/472 183/724/382 182/796/381 142/797/473
s 47
f 184/338/340 183/336/339 112/230/474 92/611/475
s 46
f 185/340/336 184/337/335 92/157/476 91/578/477
s 45
f 186/342/332 241/407/331 242/577/478 104/603/479
s 44
f 187/344/328 186/341/327 104/195/480 103/609/481
s 43
f 188/346/324 187/343/323 103/199/482 96/581/483
s 42
f 228/392/484 229/393/317 188/345/320 96/582/485
s 41
f 190/350/316 189/347/315 95/215/486 90/599/487
s 40
f 191/352/312 190/349/311 90/153/488 89/613/489
s 39
f 192/354/308 191/351/307 89/184/490 98/593/491
s 38
f 119/239/443 168/311/302 192/353/301 98/169/492
s 52
f 320/812/493 321/843/494 195/356/495 194/777/496
s 53
f 325/836/497 326/835/498 198/358/499 197/774/500
s 54
f 326/835/501 327/833/502 199/787/503 198/358/504
s 55
f 327/834/505 328/831/506 200/708/507 199/359/508
s 56
f 328/832/509 329/828/510 201/785/511 200/360/512
s 57
f 329/829/513 320/812/514 194/777/515 201/361/516
s 58
f 321/843/517 322/841/518 202/793/519 195/356/520
s 59
f 322/842/521 323/839/522 203/706/523 202/362/524
s 60
f 324/838/525 325/836/526 197/774/527 204/780/528
s 61
f 323/840/529 324/837/530 204/791/531 203/363/532
s 1
f 5/5/533 11/865/534 205/863/18 32/32/17
f 206/366/2 205/365/18 11/11/534 122/243/535
f 207/703/3 206/366/2 122/243/535 8/8/536
f 208/368/26 207/367/3 8/723/536 106/223/537
f 209/860/14 208/368/26 106/223/537 14/862/538
f 31/31/15 209/369/14 14/14/538 6/769/539
f 14/765/538 211/858/37 210/371/36 6/6/539
f 106/764/537 212/373/38 211/372/37 14/861/538
f 8/760/536 213/701/39 212/373/38 106/764/537
f 122/759/535 214/375/40 213/374/39 8/761/536
f 11/771/534 215/856/41 214/375/40 122/759/535
f 216/378/42 215/376/41 11/864/534 5/770/533
s 13
f 217/539/112 216/377/111 5/92/540 41/541/541
s 33
f 218/380/282 217/379/433 41/93/542 163/302/543
f 219/381/283 218/380/282 163/302/543 174/320/544
f 220/583/454 219/381/283 174/320/544 93/585/545
s 26
f 221/384/244 220/382/243 93/203/546 57/204/547
s 15
f 222/854/173 221/383/172 57/128/147 63/877/151
f 63/114/151 133/256/130 223/386/170 222/385/173
f 224/699/171 223/386/170 133/256/130 60/113/133
f 60/720/133 117/236/156 225/388/169 224/387/171
f 226/852/167 225/388/169 117/236/156 66/127/146
f 66/874/146 58/766/145 227/390/168 226/389/167
s 21
f 58/163/548 95/164/549 228/580/202 227/391/201
s 42
f 189/348/550 229/393/317 228/392/484 95/601/551
f 148/276/552 230/394/318 229/393/317 189/348/550
f 43/56/553 231/536/402 230/394/318 148/276/552
s 8
f 6/53/554 210/370/71 231/395/70 43/556/555
s 1
f 1/1/556 12/851/557 233/850/44 232/397/43
f 126/248/558 234/399/45 233/398/44 12/12/557
f 235/697/46 234/399/45 126/248/558 9/698/559
f 110/228/560 236/401/47 235/400/46 9/9/559
f 237/848/48 236/401/47 110/228/560 15/849/561
f 238/404/49 237/402/48 15/15/561 4/3/562
s 14
f 239/533/120 238/403/119 4/100/563 39/535/564
s 45
f 240/406/330 239/405/409 39/101/565 152/283/566
f 241/407/331 240/406/330 152/283/566 185/339/567
f 242/577/478 241/407/331 185/339/567 91/579/568
s 27
f 243/410/252 242/408/251 91/211/569 56/212/570
s 15
f 244/846/178 243/409/180 56/142/571 67/847/572
f 245/412/179 244/411/178 67/141/572 113/231/573
f 246/695/176 245/412/179 113/231/573 61/696/574
f 247/414/177 246/413/176 61/140/574 129/251/575
f 248/844/174 247/414/177 129/251/575 64/845/576
f 53/138/577 249/416/175 248/415/174 64/139/576
s 20
f 53/143/578 85/144/579 250/574/182 249/417/181
s 30
f 178/329/580 251/419/269 250/418/460 85/615/581
f 159/295/582 252/420/270 251/419/269 178/329/580
f 33/36/583 253/530/426 252/420/270 159/295/582
s 7
f 1/33/584 232/396/51 253/421/50 33/570/585
s 62
f 289/422/586 290/423/587 260/651/588 265/425/589
s 63
f 284/630/590 285/427/591 255/428/592 258/429/593
s 64
f 278/642/594 279/431/595 263/432/596 262/433/597
s 65
f 275/434/598 276/435/599 259/436/600 254/437/601
s 66
f 260/651/602 261/654/603 264/439/604 265/425/605
s 65
f 276/620/599 277/440/606 257/441/607 259/635/600
s 66
f 263/442/608 264/641/604 261/633/603 262/653/609
s 63
f 283/444/610 284/426/590 258/637/593 256/445/611
s 62
f 290/647/587 291/446/612 292/447/613 260/424/588
s 66
f 292/447/614 293/632/615 261/438/603 260/424/602
f 262/443/609 261/655/603 293/448/615 294/449/616
s 64
f 294/450/617 295/451/618 278/430/594 262/652/597
f 279/431/595 280/452/619 266/453/620 263/432/596
s 66
f 266/454/621 267/640/622 264/641/604 263/442/608
f 265/425/605 264/439/604 267/455/622 268/456/623
s 62
f 288/457/624 289/422/586 265/425/589 268/456/625
s 64
f 280/452/619 281/458/626 269/459/627 266/453/620
s 66
f 269/460/628 270/668/629 267/640/622 266/454/621
f 268/456/623 267/455/622 270/669/629 271/667/630
s 62
f 287/656/631 288/457/624 268/456/625 271/667/632
s 64
f 281/661/626 282/464/633 272/465/634 269/666/627
s 66
f 272/466/635 273/693/636 270/639/629 269/665/628
f 271/462/630 270/461/629 273/694/636 274/692/637
s 62
f 286/680/638 287/463/631 271/462/632 274/692/639
s 64
f 282/686/633 283/444/640 256/445/641 272/691/634
s 66
f 258/638/642 273/636/636 272/690/635 256/471/643
f 274/468/637 273/467/636 258/470/642 255/428/644
s 62
f 285/427/645 286/469/638 274/468/639 255/428/646
f 292/447/613 291/446/612 275/472/647 254/473/648
s 66
f 254/473/649 259/474/650 293/632/615 292/447/614
f 294/449/616 293/448/615 259/634/650 257/475/651
s 64
f 277/440/652 295/451/618 294/450/617 257/441/653
s 67
f 279/476/654 278/643/655 302/644/656 307/479/657
s 68
f 284/480/658 283/481/659 297/482/660 300/483/661
s 69
f 290/484/662 289/485/663 305/486/664 304/487/665
s 70
f 277/488/666 276/621/667 301/490/668 296/491/669
s 71
f 302/671/670 303/649/671 306/493/672 307/678/673
s 70
f 276/489/667 275/494/674 299/495/675 301/623/668
s 71
f 305/496/676 306/629/672 303/619/671 304/646/677
s 68
f 285/498/678 284/631/658 300/625/661 298/499/679
s 67
f 278/477/655 295/500/680 317/670/681 302/478/656
s 71
f 317/501/682 318/618/683 303/492/671 302/672/670
f 304/497/677 303/650/671 318/502/683 319/503/684
s 69
f 319/504/685 291/505/686 290/648/662 304/645/665
f 289/485/663 288/506/687 308/507/688 305/486/664
s 71
f 308/508/689 309/628/690 306/629/672 305/496/676
f 307/678/673 306/493/672 309/509/690 310/677/691
s 67
f 280/511/692 279/476/654 307/479/657 310/510/693
s 69
f 288/506/687 287/657/694 311/513/695 308/507/688
s 71
f 311/514/696 312/663/697 309/628/690 308/508/689
f 310/677/691 309/509/690 312/664/697 313/660/698
s 67
f 281/517/699 280/511/692 310/510/693 313/676/700
s 69
f 287/512/694 286/681/701 314/519/702 311/659/695
s 71
f 314/520/703 315/688/704 312/627/697 311/658/696
f 313/675/698 312/515/697 315/689/704 316/684/705
s 67
f 282/523/706 281/662/699 313/516/700 316/685/707
s 69
f 286/518/701 285/498/708 298/499/709 314/683/702
s 71
f 300/626/710 315/624/704 314/682/703 298/525/711
f 316/673/705 315/521/704 300/524/710 297/674/712
s 67
f 283/481/713 282/687/706 316/522/707 297/482/714
f 317/670/681 295/500/680 277/526/715 296/527/716
s 71
f 296/679/717 301/528/718 318/618/683 317/501/682
f 319/503/684 318/502/683 301/622/718 299/529/719
s 69
f 275/494/720 291/505/686 319/504/685 299/495/721
s 52
f 156/290/722 181/333/723 321/813/494 320/830/493
s 58
f 181/333/724 139/801/725 322/814/518 321/813/517
s 59
f 139/263/726 140/805/727 323/816/522 322/815/521
s 61
f 140/264/728 142/798/729 324/818/530 323/817/529
s 60
f 142/265/730 182/335/731 325/820/526 324/819/525
s 53
f 182/335/732 155/288/733 326/821/498 325/820/497
s 54
f 155/288/734 141/807/735 327/822/502 326/821/501
s 55
f 141/266/736 137/809/737 328/824/506 327/823/505
s 56
f 137/261/738 138/811/739 329/826/510 328/825/509
s 57
f 138/262/740 156/290/741 320/830/514 329/827/513
